-7.320508075688772465e+01 -1.730541600232487820e+00
2.211669691129175419e+01 7.771552108919497215e-01
-1.756864948916079072e+01 -8.511338209060048676e-01
1.659926541433939065e+02 2.051337124075251206e-01
2.862690355693882793e+01 5.381502927744019615e-01
2.119433969848519723e+02 -1.097393552909871284e+00
1.924008179489167958e+01 7.877781102923037126e-01
1.912900230699190729e+02 2.660939026873930802e-01
1.725235265557768685e+02 5.978946355560464943e-01
-3.659804376614474108e+01 1.213277141870905185e+00
7.912597989243181473e+01 1.814997604358611072e-01
-1.902736075398748028e+01 -7.331895616681275429e-01
1.170963060139415290e+01 4.954169301741929154e-01
-9.478180738619244039e-01 -6.268748480921014776e-01
1.164056288059599638e+02 1.636571884856480030e-01
2.186011398939980666e+01 7.807740420485765886e-01
3.800976246995912788e+01 -5.211037871374958608e-02
2.598594285703263154e+02 -4.386756275163249397e-01
1.765488740876641600e+02 7.503673723210061430e-01
2.468793604720855797e+02 1.251591737740856969e+00
-5.785692901034690294e+01 -1.225780906478105559e-01
7.139095549148591147e+01 7.925191226360712993e-02
2.683894726910297095e+02 -1.523641135063854124e+00
3.275613825716776262e+01 2.871485337885540390e-01
2.032530261167553931e+02 -8.091453645157504759e-01
-1.226654428561757015e+01 -1.092824522959716216e+00
-3.229259632942392955e+01 8.141241297688375234e-01
8.545877433210876006e+00 2.521810843359703624e-01
2.547985984253956246e+02 3.500468193505291148e-01
9.369915544485310477e+01 3.712539511657403368e-02
-1.290837455550548896e+01 -1.080223319138353011e+00
6.208405389802451424e+01 -2.294627420026956466e-01
1.426529468600014354e+02 -3.846046847780387190e-01
1.596599630019525193e+02 -1.860776510305525988e-01
2.140479620685354689e+02 -1.046311011492240706e+00
1.134301629193921599e+02 1.308326312080253795e-01
1.344106190741073590e+02 -1.015158422738956928e-01
5.585080458989768459e+01 -4.221021843158143105e-01
4.838090466769993014e+01 -4.649102427578825636e-01
2.216663614418210955e+02 -4.734935527735008587e-01
-2.822226978590754243e+01 3.244972120031970886e-01
-4.271374371122246316e+01 1.414304178025629799e+00
6.416542980711477639e+01 -1.532377641897156584e-01
3.430317285224036539e+01 1.856553838150596381e-01
-4.438029767787631386e+01 1.378949008651861874e+00
1.338539689193470679e+02 -8.172216020697678496e-02
1.289936780685689541e+02 6.954513921095642481e-02
1.486474482005831135e+02 -4.808392988658246603e-01
2.321437196801109337e+01 7.560723974800691582e-01
1.239992285766825262e+02 1.621196039555789226e-01
1.944848566214510583e+02 -2.239808935543064969e-02
1.339489405434987646e+02 -8.507651125408192960e-02
-3.118060093179138903e+01 6.875526916643527331e-01
1.516768805789411942e+02 -4.641253374330491233e-01
-2.507790520599172623e+00 -7.536646573021843487e-01
-1.903676190548155489e+01 -7.323655803724314906e-01
1.643727691407921156e+02 9.880095655031174984e-02
2.072040149774516067e+02 -1.031708136900851169e+00
5.420215179245917625e+01 -4.539578632821429927e-01
2.640649866717106988e+02 -1.055096692716127604e+00
1.609427764513980321e+02 -1.144420643567562595e-01
1.040199477680257019e+02 1.572824171217851105e-02
-3.607077754941420267e+01 1.173966935238892395e+00
3.197807854875351552e+01 3.374009796848507214e-01
-7.342240622321341448e+00 -1.036971107381625457e+00
4.118620757508793417e+00 -1.559360566482752286e-01
-5.761601895268003659e+01 -8.450253498897584981e-02
1.107045246532087219e+02 9.392338908812890297e-02
1.288604937512832578e+02 7.295098232846486397e-02
-1.072542554274838267e+01 -1.103976123979749646e+00
-6.091009853032582555e+01 -6.013982742205784549e-01
9.776702429193377952e+00 3.533795004808975571e-01
-1.543438512870349655e+01 -9.853928373188561851e-01
9.513815509747161059e+01 2.271725817732173427e-02
1.056971103881367924e+01 4.143572504128441580e-01
2.303089188181622546e+02 5.837772435783454839e-01
1.065011824877957736e+01 4.203379399871270405e-01
-2.616434384290724324e+01 6.313624520823649111e-02
4.559180772298496720e+01 -4.060049779264186531e-01
1.895773979720834745e+02 4.033165223149300371e-01
2.439289491220926607e+02 1.392482950586294566e+00
2.068257425847623381e+02 -1.016355178336873610e+00
2.009498641608275875e+02 -6.270494405408482130e-01
1.722216282972913461e+02 5.827957758757745799e-01
1.264193155324661433e+02 1.265823641868150662e-01
-6.852938653371202804e+01 -1.534797013295936097e+00
-2.930843425562892435e+01 4.609286878892823180e-01
3.008252422826285510e+01 4.549829242008573416e-01
1.497744373954077446e+01 6.777378955240846992e-01
3.614901496663556202e+01 6.495999422424099390e-02
2.456324730500927274e+02 1.326118733806098238e+00
1.658187841029161405e+02 1.936858761094646109e-01
-2.722197545772951344e+01 1.974447709101417592e-01
9.394381996595173234e+01 3.447603283789568013e-02
1.092235355073026426e+02 7.351390635432525356e-02
6.833849870576872831e+01 -7.774484047962325860e-03
-1.425278577254761103e+01 -1.038659488143173437e+00
2.696584449128444021e+02 -1.614198727806979594e+00
1.099040175274583930e+01 4.452170735907299837e-01
1.248101950610382573e+02 1.522277980483756066e-01
1.404471089931064967e+02 -3.176155467926364828e-01
-3.316207847750820292e+01 9.075257398001934650e-01
-1.647245739867702241e+01 -9.260389027199131817e-01
7.295076550323038589e+01 1.143975867337959501e-01
-3.595323554183255510e+01 1.164792224399944676e+00
1.336258111624397316e+02 -7.370581246966906308e-02
1.788816444306172855e+02 7.883556371972373356e-01
1.417051753467285380e+01 6.401704721431369371e-01
3.309539961659386620e+01 2.650147755744619582e-01
-4.448092814831326791e+01 1.375531710882467618e+00
-5.915444819764417161e-01 -5.961813655432774972e-01
-3.523459530754470848e+01 1.105567882305736438e+00
8.411490415783886476e+01 1.588260385754627357e-01
1.864310887377442896e+02 6.088767827376085906e-01
4.027862963582482791e+01 -1.827812983830376936e-01
-5.053756098803242480e+01 9.160666701023193470e-01
1.195527075744273304e+02 1.812527559134507749e-01
1.936904091810789339e+02 5.219322946683099818e-02
-4.144754629988051420e+01 1.414434745380796166e+00
-1.069740281690650363e+01 -1.103930915735710450e+00
1.258438786686046171e+02 1.366665310839039471e-01
7.637065237713589738e+01 1.659547360264032878e-01
2.050681889517419449e+02 -9.276658680885855324e-01
1.390609628104270712e+02 -2.703717188304362029e-01
1.948153334746888845e+02 -5.378392374706165296e-02
-2.373608303779950290e+01 -2.370421691272235898e-01
2.540459906450780920e+02 4.601853998387329114e-01
2.419445731408816584e+02 1.417116925434630526e+00
1.009407726242603331e+02 8.837481764285719027e-04
2.732050807568876962e+02 -1.730541600232487820e+00
