-1.732050807568877193e+00 -1.444529954629250948e-02
-1.718466095352650713e+00 3.215049223416967250e-02
-1.704881383136424233e+00 7.567131476112035071e-02
-1.691296670920197753e+00 1.129871539384347950e-01
-1.677711958703971273e+00 1.414711575601040328e-01
-1.664127246487744793e+00 1.591842237415741490e-01
-1.650542534271518313e+00 1.650062124399699626e-01
-1.636957822055291834e+00 1.587049644592128106e-01
-1.623373109839065354e+00 1.409390298436608568e-01
-1.609788397622838874e+00 1.131949548961050239e-01
-1.596203685406612394e+00 7.766478509486385295e-02
-1.582618973190385914e+00 3.707375667995568141e-02
-1.569034260974159434e+00 -5.528338799414439855e-03
-1.555449548757932732e+00 -4.699617227459716717e-02
-1.541864836541706474e+00 -8.432108877525643087e-02
-1.528280124325479772e+00 -1.148493699573287508e-01
-1.514695412109253292e+00 -1.364707157337777255e-01
-1.501110699893026812e+00 -1.477635725311299553e-01
-1.487525987676800332e+00 -1.480873426809011240e-01
-1.473941275460573852e+00 -1.376155964598017867e-01
-1.460356563244347372e+00 -1.173088615380371014e-01
-1.446771851028120892e+00 -8.883004820517292899e-02
-1.433187138811894412e+00 -5.440975005780714774e-02
-1.419602426595667932e+00 -1.667223408683896416e-02
-1.406017714379441452e+00 2.156435336430632607e-02
-1.392433002163214972e+00 5.749837390939969289e-02
-1.378848289946988492e+00 8.854997602498834719e-02
-1.365263577730762012e+00 1.125462245814154300e-01
-1.351678865514535532e+00 1.278728027942143131e-01
-1.338094153298309053e+00 1.335817230218146467e-01
-1.324509441082082573e+00 1.294479309358515240e-01
-1.310924728865856093e+00 1.159715999994284791e-01
-1.297340016649629613e+00 9.432699091620240506e-02
-1.283755304433403133e+00 6.626268775198970729e-02
-1.270170592217176653e+00 3.396152870895768200e-02
-1.256585880000950173e+00 -1.286277145329433387e-04
-1.243001167784723471e+00 -3.348021845992818490e-02
-1.229416455568497213e+00 -6.367335757522418760e-02
-1.215831743352270511e+00 -8.857139371542138706e-02
-1.202247031136044253e+00 -1.064719087741546472e-01
-1.188662318919817551e+00 -1.162225019767060552e-01
-1.175077606703591293e+00 -1.172935335653261246e-01
-1.161492894487364591e+00 -1.098033570996732322e-01
-1.147908182271138333e+00 -9.449518877651504056e-02
-1.134323470054911631e+00 -7.266837069839522656e-02
-1.120738757838685151e+00 -4.607011352176090813e-02
-1.107154045622458671e+00 -1.675660947123735339e-02
-1.093569333406232191e+00 1.306550962424237426e-02
-1.079984621190005711e+00 4.120517371112272093e-02
-1.066399908973779231e+00 6.564785495240973989e-02
-1.052815196757552751e+00 8.469969983666657265e-02
-1.039230484541326271e+00 9.710450749034210682e-02
-1.025645772325099792e+00 1.021255069990780751e-01
-1.012061060108873312e+00 9.958669595203244185e-02
-9.984763478926468316e-01 8.987164021214115450e-02
-9.848916356764203517e-01 7.388085833556098936e-02
-9.713069234601938717e-01 5.295197910452975609e-02
-9.577222112439673918e-01 2.874954048106536514e-02
-9.441374990277408008e-01 3.133400091728501258e-03
-9.305527868115143209e-01 -2.198389387874644454e-02
-9.169680745952878409e-01 -4.477985395966307958e-02
-9.033833623790613609e-01 -6.365427508303103665e-02
-8.897986501628348810e-01 -7.734133519858620021e-02
-8.762139379466084010e-01 -8.499373927060850653e-02
-8.626292257303819211e-01 -8.623337339422276759e-02
-8.490445135141554411e-01 -8.116559704833589683e-02
-8.354598012979289612e-01 -7.035711154634574638e-02
-8.218750890817024812e-01 -5.478008495148659757e-02
-8.082903768654760013e-01 -3.572768177565902037e-02
-7.947056646492495213e-01 -1.470815916354553318e-02
-7.811209524330230414e-01 6.673891534427707321e-03
-7.675362402167964504e-01 2.683985045797284558e-02
-7.539515280005699704e-01 4.435361287858995138e-02
-7.403668157843434905e-01 5.802376713895346372e-02
-7.267821035681170105e-01 6.698414404309024905e-02
-7.131973913518905306e-01 7.074733136422418911e-02
-6.996126791356640506e-01 6.922796337152758994e-02
-6.860279669194375707e-01 6.273499155716578957e-02
-6.724432547032110907e-01 5.193453014846466376e-02
-6.588585424869846108e-01 3.778706516942125643e-02
-6.452738302707581308e-01 2.146465505142004793e-02
-6.316891180545316509e-01 4.255102200076197119e-03
-6.181044058383051709e-01 -1.253915209445749870e-02
-6.045196936220786910e-01 -2.769950575427307382e-02
-5.909349814058522110e-01 -4.017960761791714713e-02
-5.773502691896257311e-01 -4.917728913437813265e-02
-5.637655569733992511e-01 -5.418509341215334285e-02
-5.501808447571727712e-01 -5.501630510316622702e-02
-5.365961325409462912e-01 -5.180539309971528977e-02
-5.230114203247198112e-01 -4.498380606298320317e-02
-5.094267081084931093e-01 -3.523394853069002769e-02
-4.958419958922666293e-01 -2.342576844427735755e-02
-4.822572836760401493e-01 -1.054158761211239706e-02
-4.686725714598136694e-01 2.404477697926139974e-03
-4.550878592435871894e-01 1.444596989532836995e-02
-4.415031470273607095e-01 2.473621717960172023e-02
-4.279184348111342295e-01 3.260775330174382758e-02
-4.143337225949077496e-01 3.761486845776858268e-02
-4.007490103786812696e-01 3.955664040482035487e-02
-3.871642981624547897e-01 3.847946543894344151e-02
-3.735795859462283097e-01 3.465979930755102439e-02
-3.599948737300018298e-01 2.856939075217980809e-02
-3.464101615137753498e-01 2.082662095587544185e-02
-3.328254492975488699e-01 1.213854970080291765e-02
-3.192407370813223899e-01 3.238843408841535210e-03
-3.056560248650959100e-01 -5.173112815513452450e-03
-2.920713126488694300e-01 -1.248693395615587363e-02
-2.784866004326429501e-01 -1.822552017307368238e-02
-2.649018882164164701e-01 -2.207569560611343309e-02
-2.513171760001899901e-01 -2.390327321455255893e-02
-2.377324637839635102e-01 -2.375202083026540026e-02
-2.241477515677370302e-01 -2.182740238237209501e-02
-2.105630393515105503e-01 -1.846724436099617464e-02
-1.969783271352840703e-01 -1.410252573008351218e-02
-1.833936149190575904e-01 -9.212226254162394698e-03
-1.698089027028311104e-01 -4.276538627183506386e-03
-1.562241904866044084e-01 2.672684889315888766e-04
-1.426394782703779285e-01 4.062444903733333952e-03
-1.290547660541514485e-01 6.860648150900304845e-03
-1.154700538379249686e-01 8.537955545297189197e-03
-1.018853416216984886e-01 9.097986278633823226e-03
-8.830062940547200867e-02 8.662342450457171522e-03
-7.471591718924552872e-02 7.449752138069512877e-03
-6.113120497301904877e-02 5.746320323739956791e-03
-4.754649275679256881e-02 3.870075467814626611e-03
-3.396178054056608886e-02 2.133473864869835784e-03
-2.037706832433960891e-02 8.076517490029783966e-04
-6.792356108113128954e-03 9.198865944234895376e-05
6.792356108113350999e-03 1.000091988659442377e+00
2.037706832433983095e-02 1.000807651749002991e+00
3.396178054056631090e-02 1.002133473864869950e+00
4.754649275679279086e-02 1.003870075467814704e+00
6.113120497301927081e-02 1.005746320323740006e+00
7.471591718924575076e-02 1.007449752138069643e+00
8.830062940547223072e-02 1.008662342450457272e+00
1.018853416216987107e-01 1.009097986278633785e+00
1.154700538379251906e-01 1.008537955545297127e+00
1.290547660541516706e-01 1.006860648150900372e+00
1.426394782703781505e-01 1.004062444903733198e+00
1.562241904866046305e-01 1.000267268488931549e+00
1.698089027028311104e-01 9.957234613728165318e-01
1.833936149190578124e-01 9.907877737458374856e-01
1.969783271352842924e-01 9.858974742699163629e-01
2.105630393515107723e-01 9.815327556390037733e-01
2.241477515677372523e-01 9.781725976176278703e-01
2.377324637839637322e-01 9.762479791697346032e-01
2.513171760001902122e-01 9.760967267854474549e-01
2.649018882164166921e-01 9.779243043938865565e-01
2.784866004326431721e-01 9.817744798269264495e-01
2.920713126488694300e-01 9.875130660438441454e-01
3.056560248650961320e-01 9.948268871844866412e-01
3.192407370813223899e-01 1.003238843408841507e+00
3.328254492975490919e-01 1.012138549700803081e+00
3.464101615137753498e-01 1.020826620955875397e+00
3.599948737300020518e-01 1.028569390752180013e+00
3.735795859462287538e-01 1.034659799307551253e+00
3.871642981624550117e-01 1.038479465438943539e+00
4.007490103786817137e-01 1.039556640404820431e+00
4.143337225949079716e-01 1.037614868457768402e+00
4.279184348111346736e-01 1.032607753301743703e+00
4.415031470273609315e-01 1.024736217179601505e+00
4.550878592435876335e-01 1.014445969895328092e+00
4.686725714598138914e-01 1.002404477697925955e+00
4.822572836760405934e-01 9.894584123878871207e-01
4.958419958922668513e-01 9.765742315557224273e-01
5.094267081084935533e-01 9.647660514693096045e-01
5.230114203247198112e-01 9.550161939370167552e-01
5.365961325409465132e-01 9.481946069002846755e-01
5.501808447571727712e-01 9.449836948968337591e-01
5.637655569733994732e-01 9.458149065878467265e-01
5.773502691896257311e-01 9.508227108656218673e-01
5.909349814058524331e-01 9.598203923820829431e-01
6.045196936220786910e-01 9.723004942457269539e-01
6.181044058383053930e-01 9.874608479055427823e-01
6.316891180545316509e-01 1.004255102200076299e+00
6.452738302707583529e-01 1.021464655051420367e+00
6.588585424869846108e-01 1.037787065169421208e+00
6.724432547032113128e-01 1.051934530148464830e+00
6.860279669194375707e-01 1.062734991557165776e+00
6.996126791356642727e-01 1.069227963371527590e+00
7.131973913518909747e-01 1.070747331364224175e+00
7.267821035681172326e-01 1.066984144043090055e+00
7.403668157843439346e-01 1.058023767138953186e+00
7.539515280005701925e-01 1.044353612878589743e+00
7.675362402167968945e-01 1.026839850457972325e+00
7.811209524330231524e-01 1.006673891534427545e+00
7.947056646492498544e-01 9.852918408364539360e-01
8.082903768654761123e-01 9.642723182243406743e-01
8.218750890817028143e-01 9.452199150485132151e-01
8.354598012979290722e-01 9.296428884536540593e-01
8.490445135141557742e-01 9.188344029516638534e-01
8.626292257303820321e-01 9.137666266057772324e-01
8.762139379466087341e-01 9.150062607293916184e-01
8.897986501628349920e-01 9.226586648014137859e-01
9.033833623790616940e-01 9.363457249169694352e-01
9.169680745952879519e-01 9.552201460403372257e-01
9.305527868115146539e-01 9.780161061212538920e-01
9.441374990277409118e-01 1.003133400091728911e+00
9.577222112439676138e-01 1.028749540481065594e+00
9.713069234601938717e-01 1.052951979104529645e+00
9.848916356764205737e-01 1.073880858335561461e+00
9.984763478926468316e-01 1.089871640212141113e+00
1.012061060108873534e+00 1.099586695952032622e+00
1.025645772325099792e+00 1.102125506999078075e+00
1.039230484541326494e+00 1.097104507490342051e+00
1.052815196757553196e+00 1.084699699836666253e+00
1.066399908973779453e+00 1.065647854952409546e+00
1.079984621190006155e+00 1.041205173711122089e+00
1.093569333406232413e+00 1.013065509624241578e+00
1.107154045622459115e+00 9.832433905287614184e-01
1.120738757838685373e+00 9.539298864782387311e-01
1.134323470054912075e+00 9.273316293016038436e-01
1.147908182271138333e+00 9.055048112234849178e-01
1.161492894487365035e+00 8.901966429003264070e-01
1.175077606703591293e+00 8.827064664346738754e-01
1.188662318919817995e+00 8.837774980232940836e-01
1.202247031136044253e+00 8.935280912258453112e-01
1.215831743352270955e+00 9.114286062845794456e-01
1.229416455568497213e+00 9.363266424247758124e-01
1.243001167784723915e+00 9.665197815400731196e-01
1.256585880000950173e+00 9.998713722854670749e-01
1.270170592217176875e+00 1.033961528708958078e+00
1.283755304433403133e+00 1.066262687751989624e+00
1.297340016649629835e+00 1.094326990916202780e+00
1.310924728865856093e+00 1.115971599999428410e+00
1.324509441082082795e+00 1.129447930935851607e+00
1.338094153298309053e+00 1.133581723021814591e+00
1.351678865514535754e+00 1.127872802794213980e+00
1.365263577730762012e+00 1.112546224581415499e+00
1.378848289946988714e+00 1.088549976024987931e+00
1.392433002163214972e+00 1.057498373909399714e+00
1.406017714379441674e+00 1.021564353364305733e+00
1.419602426595668376e+00 9.833277659131600679e-01
1.433187138811894634e+00 9.455902499421924290e-01
1.446771851028121336e+00 9.111699517948261828e-01
1.460356563244347594e+00 8.826911384619622325e-01
1.473941275460574296e+00 8.623844035401976305e-01
1.487525987676800554e+00 8.519126573190987095e-01
1.501110699893027256e+00 8.522364274688702945e-01
1.514695412109253514e+00 8.635292842662225521e-01
1.528280124325480216e+00 8.851506300426719154e-01
1.541864836541706474e+00 9.156789112247435414e-01
1.555449548757933176e+00 9.530038277254038181e-01
1.569034260974159434e+00 9.944716612005856105e-01
1.582618973190386136e+00 1.037073756679956160e+00
1.596203685406612394e+00 1.077664785094863742e+00
1.609788397622839096e+00 1.113194954896105759e+00
1.623373109839065354e+00 1.140939029843660801e+00
1.636957822055292056e+00 1.158704964459213116e+00
1.650542534271518313e+00 1.165006212439970046e+00
1.664127246487745015e+00 1.159184223741574149e+00
1.677711958703971273e+00 1.141471157560103977e+00
1.691296670920197975e+00 1.112987153938433948e+00
1.704881383136424233e+00 1.075671314761120323e+00
1.718466095352650935e+00 1.032150492234168437e+00
1.732050807568877193e+00 9.855547004537075217e-01
